ラップ数,タイム,累積時間,距離,平均ペース,勾配調整後のペース（GAP）平均,平均心拍数,最大心拍数,総上昇量,総下降量,平均パワー,平均W/kg,最大パワー,最大W/kg,平均ピッチ,平均接地時間,平均GCTバランス,平均歩幅,平均上下動,平均上下動比,カロリー,平均気温,最高ペース,最高ピッチ,移動時間,平均移動ペース,身長,体重
1,00:44.4,00:44.4,0.2,3:42,,119,139,,8.0,,,,,175,182,左 50.7%／右 49.3%,1.51,9.6,6.3,6,,3:23,186,0:44,3:40,171,55
2,00:44.8,01:29.3,0.2,3:44,,149,157,8.0,,,,,,179,185,左 50.5%／右 49.5%,1.49,9.8,6.3,8,,3:37,182,00:44.8,3:44,171,55
3,00:46.5,02:15.8,0.2,3:53,,158,161,,8.0,,,,,179,189,左 50.2%／右 49.8%,1.46,9.9,6.5,10,,3:46,181,00:46.5,3:52,171,55
4,00:49.2,03:05.0,0.2,4:06,,158,161,9.0,,,,,,176,191,左 50.0%／右 50.0%,1.4,10.3,7.1,9,,3:53,178,0:49,4:05,171,55
5,00:46.0,03:51.0,0.2,3:50,,159,164,,8.0,,,,,179,189,左 50.1%／右 49.9%,1.44,10.0,6.7,9,,3:57,180,0:46,3:50,171,55
6,00:46.5,04:37.4,0.2,3:52,,161,164,9.0,7.0,,,,,178,188,左 49.9%／右 50.1%,1.43,9.8,6.6,9,,3:57,181,0:46,3:50,171,55
7,00:45.7,05:23.1,0.2,3:48,,162,164,9.0,3.0,,,,,179,193,左 50.4%／右 49.6%,1.47,9.6,6.3,11,,3:50,181,00:45.7,3:48,171,55
8,00:46.0,06:09.1,0.2,3:50,,164,166,,8.0,,,,,178,192,左 50.1%／右 49.9%,1.46,9.9,6.5,10,,3:50,180,0:46,3:50,171,55
9,00:46.6,06:55.7,0.2,3:53,,170,177,7.0,,,,,,179,193,左 50.2%／右 49.8%,1.47,9.8,6.4,10,,3:49,181,00:46.6,3:53,171,55
10,00:45.3,07:41.0,0.2,3:46,,176,180,4.0,9.0,,,,,179,192,左 50.1%／右 49.9%,1.46,9.8,6.4,9,,3:49,180,0:45,3:45,171,55
11,00:47.7,08:28.7,0.2,3:58,,179,181,9.0,,,,,,178,196,左 50.1%／右 49.9%,1.45,10.0,6.6,11,,3:49,180,00:47.7,3:58,171,55
12,00:46.1,09:14.8,0.2,3:51,,177,182,,10.0,,,,,179,194,左 50.2%／右 49.8%,1.45,9.9,6.6,10,,3:50,182,0:46,3:50,171,55
13,00:47.7,10:03,0.2,3:59,,173,177,9.0,,,,,,178,197,左 50.0%／右 50.0%,1.43,9.9,6.7,11,,3:53,180,00:47.7,3:59,171,55
14,00:45.0,10:48,0.2,3:45,,185,188,,11.0,,,,,181,195,左 50.3%／右 49.8%,1.45,9.3,6.2,10,,3:49,184,00:45.0,3:45,171,55
15,00:46.2,11:34,0.2,3:51,,189,192,8.0,,,,,,181,197,左 49.8%／右 50.2%,1.45,9.5,6.3,10,,3:49,183,0:46,3:50,171,55
16,00:43.9,12:18,0.2,3:39,,189,192,2.0,8.0,,,,,184,192,左 50.2%／右 49.8%,1.47,9.1,5.9,10,,3:45,187,00:43.9,3:39,171,55
17,00:05.0,12:23,0.02,3:34,,190,190,,,,,,,182,199,左 50.5%／右 49.5%,1.46,9.6,6.2,1,,3:46,183,0:04,2:53,171,55
1,00:46.1,00:46.1,0.2,3:50,,137,156,,8.0,,,,,175,188,左 49.4%／右 50.6%,1.4,8.6,5.9,9,,3:50,185,00:46.1,3:50,171,55
2,00:44.6,01:30.6,0.2,3:43,,162,166,9.0,,,,,,177,198,左 50.9%／右 49.1%,1.51,8.9,5.7,10,,3:44,181,00:44.6,3:43,171,55
3,00:49.4,02:20.0,0.2,4:07,,166,170,,10.0,,,,,177,204,左 50.7%／右 49.3%,1.46,8.8,5.8,10,,3:45,179,0:49,4:05,171,55
4,00:48.9,03:08.8,0.2,4:04,,175,180,7.0,,,,,,177,203,左 50.9%／右 49.1%,1.44,8.9,5.9,11,,3:51,179,00:48.9,4:04,171,55
5,00:48.2,03:57.1,0.2,4:01,,172,175,,5.0,,,,,177,205,左 50.8%／右 49.2%,1.4,8.6,5.9,11,,3:56,179,0:48,4:00,171,55
6,00:46.8,04:43.9,0.2,3:54,,175,177,9.0,7.0,,,,,177,204,左 49.9%／右 50.1%,1.41,8.6,5.8,10,,3:58,179,00:46.8,3:54,171,55
7,00:50.3,05:34.2,0.2,4:12,,178,180,9.0,2.0,,,,,177,208,左 50.2%／右 49.8%,1.35,8.7,6.2,10,,3:59,178,0:50,4:10,171,55
8,00:47.4,06:21.6,0.2,3:57,,176,179,,10.0,,,,,178,206,左 50.0%／右 50.0%,1.39,8.5,5.9,10,,4:03,180,00:47.4,3:57,171,55
9,00:46.0,07:07.7,0.2,3:50,,179,182,8.0,,,,,,178,205,左 50.3%／右 49.7%,1.39,8.6,5.9,10,,4:00,179,0:46,3:50,171,55
10,00:49.4,07:57.1,0.2,4:07,,181,184,,8.0,,,,,177,209,左 50.0%／右 50.0%,1.44,8.4,5.6,11,,3:53,179,0:49,4:05,171,55
11,00:45.7,08:42.8,0.2,3:49,,181,184,8.0,,,,,,177,206,左 50.0%／右 50.0%,1.42,8.5,5.8,10,,3:54,179,00:45.7,3:49,171,55
12,00:46.3,09:29.1,0.2,3:52,,186,187,,8.0,,,,,178,208,左 49.9%／右 50.1%,1.47,8.6,5.6,11,,3:47,180,0:46,3:50,171,55
13,00:44.5,10:14,0.2,3:42,,187,189,8.0,,,,,,181,204,左 50.1%／右 49.9%,1.49,8.3,5.3,10,,3:29,183,00:44.5,3:42,171,55
14,00:45.8,10:59,0.2,3:49,,188,189,,8.0,,,,,182,203,左 50.0%／右 50.0%,1.48,8.0,5.1,10,,3:45,185,0:45,3:45,171,55
15,00:41.6,11:41,0.2,3:28,,184,191,10.0,,,,,,182,203,左 50.0%／右 50.0%,1.54,8.1,5.0,9,,3:21,186,00:41.6,3:28,171,55
16,00:02.0,11:43,0.01,2:18,,193,193,,,,,,,183,203,左 50.4%／右 49.6%,1.55,8.1,5.0,0,,3:32,183,0:01,1:09,171,55
17,00:05.0,12:23,0.02,3:34,,190,190,,,,,,,182,199,左 50.5%／右 49.5%,1.46,9.6,6.2,1,,3:46,183,0:04,2:53,171,55
1,00:43.2,00:43.2,0.2,3:36,,141,153,9.0,,,,,,182,171,左 50.8%／右 49.3%,1.39,8.6,7.2,7,,3:40,188,0:43,3:35,171,55
2,00:42.4,01:25.7,0.2,3:32,,155,163,,9.0,,,,,182,169,左 50.7%／右 49.3%,1.52,8.5,5.3,9,,3:26,183,00:42.4,3:32,171,55
3,00:44.2,02:09.9,0.2,3:41,,163,164,9.0,,,,,,180,171,左 50.7%／右 49.3%,1.54,8.8,5.4,10,,3:26,182,00:44.2,3:41,171,55
4,00:43.7,02:53.7,0.2,3:39,,168,178,,8.0,,,,,179,174,左 50.4%／右 49.6%,1.55,8.7,5.4,9,,3:31,181,0:43,3:35,171,55
5,00:42.7,03:36.4,0.2,3:34,,184,186,9.0,,,,,,178,175,左 50.3%／右 49.7%,1.55,8.8,5.4,9,,3:34,180,00:42.7,3:34,171,55
6,00:44.0,04:20.4,0.2,3:40,,186,188,,11.0,,,,,180,177,左 50.2%／右 49.8%,1.54,8.5,5.3,9,,3:31,182,00:44.0,3:40,171,55
7,00:43.3,05:03.7,0.2,3:36,,187,188,9.0,,,,,,180,177,左 49.8%／右 50.2%,1.55,8.5,5.2,9,,3:32,181,0:43,3:35,171,55
8,00:44.7,05:48.4,0.2,3:43,,188,189,,9.0,,,,,179,180,左 49.8%／右 50.2%,1.52,8.6,5.4,9,,3:35,181,00:44.7,3:43,171,55
9,00:43.5,06:31.9,0.2,3:37,,188,189,8.0,,,,,,179,180,左 50.2%／右 49.8%,1.53,8.7,5.4,9,,3:41,182,00:43.5,3:37,171,55
10,00:45.3,07:17.2,0.2,3:47,,188,189,,8.0,,,,,179,185,左 50.0%／右 50.0%,1.51,8.6,5.4,9,,3:41,181,0:45,3:45,171,55
11,00:43.2,08:00.4,0.2,3:36,,188,190,9.0,,,,,,179,182,左 50.1%／右 49.9%,1.53,8.5,5.3,9,,3:42,182,0:43,3:35,171,55
12,00:45.1,08:45.5,0.2,3:46,,190,191,,9.0,,,,,179,182,左 49.9%／右 50.1%,1.49,8.4,5.3,9,,3:41,183,0:45,3:45,171,55
13,00:42.1,09:27.6,0.2,3:31,,191,193,9.0,,,,,,183,181,左 49.7%／右 50.3%,1.56,8.1,4.9,9,,3:35,186,0:42,3:30,171,55
14,00:41.7,10:09,0.2,3:28,,193,195,,8.0,,,,,185,181,左 49.8%／右 50.2%,1.55,7.9,4.8,9,,3:22,192,00:41.7,3:28,171,55
15,00:40.0,10:49,0.2,3:20,,193,197,10.0,7.0,,,,,186,180,左 50.6%／右 49.4%,1.62,7.6,4.4,8,,3:17,189,00:40.0,3:20,171,55
16,00:01.6,10:51,0.01,2:05,,196,196,,,,,,,186,175,左 50.9%／右 49.1%,1.68,7.2,4.2,0,,3:17,186,0:01,1:18,171,55
