ラップ数,タイム,累積時間,距離,平均ペース,勾配調整後のペース（GAP）平均,平均心拍数,最大心拍数,総上昇量,総下降量,平均パワー,平均W/kg,最大パワー,最大W/kg,平均ピッチ,平均接地時間,平均GCTバランス,平均歩幅,平均上下動,平均上下動比,カロリー,平均気温,最高ペース,最高ピッチ,移動時間,平均移動ペース,身長,体重
1,00:51.5,00:51.5,0.2,4:18,,159,175,,7.0,,,,,134,202,左 51.5%／右 48.5%,1.46,8.2,7.8,11,,3:52,166,0:47,3:55,175,68
2,00:52.0,01:43.5,0.2,4:20,,181,185,9.0,,,,,,165,203,左 51.2%／右 48.8%,1.47,10.8,7.1,13,,3:53,166,00:52.0,4:20,175,68
3,00:50.4,02:33.9,0.2,4:12,,187,188,,8.0,,,,,162,206,左 50.9%／右 49.1%,1.47,11.1,7.3,12,,4:06,164,0:50,4:10,175,68
4,00:53.2,03:27.1,0.2,4:26,,190,191,9.0,10.0,,,,,162,207,左 50.8%／右 49.2%,1.39,11.2,7.8,13,,4:21,163,0:53,4:25,175,68
5,00:53.0,04:20.1,0.2,4:25,,190,192,6.0,,,,,,161,208,左 51.1%／右 48.9%,1.41,11.2,7.7,13,,4:16,163,00:53.0,4:25,175,68
6,00:54.3,05:14.4,0.2,4:31,,192,193,2.0,7.0,,,,,160,212,左 50.6%／右 49.4%,1.37,11.3,8.1,14,,4:28,162,00:54.3,4:31,175,68
7,00:56.1,06:10.5,0.2,4:40,,193,194,9.0,,,,,,160,214,左 50.3%／右 49.7%,1.36,11.2,8.0,14,,4:33,162,0:56,4:40,175,68
8,00:52.2,07:02.7,0.2,4:21,,195,196,,10.0,,,,,161,212,左 50.0%／右 50.0%,1.39,11.0,7.7,14,,4:12,163,0:52,4:20,175,68
9,00:54.4,07:57.0,0.2,4:32,,194,196,11.0,,,,,,160,215,左 50.2%／右 49.8%,1.4,11.2,7.8,14,,4:14,162,0:54,4:30,175,68
10,00:53.0,08:50.0,0.2,4:25,,197,198,,8.0,,,,,161,217,左 50.5%／右 49.5%,1.4,11.2,7.7,14,,4:18,162,00:53.0,4:25,175,68
11,00:55.5,09:45.5,0.2,4:37,,197,198,7.0,7.0,,,,,160,218,左 50.3%／右 49.7%,1.35,11.4,8.1,15,,4:25,161,00:55.5,4:37,175,68
12,00:54.0,10:39,0.2,4:30,,198,199,,2.0,,,,,161,217,左 50.2%／右 49.8%,1.39,11.0,7.7,14,,4:24,164,0:54,4:30,175,68
13,00:53.2,11:33,0.2,4:26,,199,199,9.0,8.0,,,,,161,217,左 50.3%／右 49.7%,1.35,11.0,7.9,14,,4:19,162,0:53,4:25,175,68
14,00:52.0,12:25,0.2,4:20,,199,200,9.0,,,,,,162,214,左 50.2%／右 49.8%,1.42,10.8,7.4,14,,4:21,164,00:52.0,4:20,175,68
15,00:52.7,13:17,0.2,4:24,,201,202,,10.0,,,,,163,215,左 50.2%／右 49.8%,1.41,10.8,7.5,14,,4:16,164,00:52.7,4:24,175,68
16,00:06.6,13:24,0.02,5:19,,200,200,,,,,,,163,218,左 50.3%／右 49.7%,1.53,10.4,7.1,2,,4:16,164,0:05,4:01,175,68
1,00:52.3,00:52.3,0.2,4:21,,145,164,,6.0,,,,,164,215,左 50.7%／右 49.3%,1.29,10.9,9.7,10,,4:13,169,0:45,3:45,175,68
2,00:52.3,01:44.6,0.2,4:22,,168,175,9.0,,,,,,164,210,左 50.1%／右 49.9%,1.42,11.5,7.8,12,,4:18,166,0:52,4:20,175,68
3,00:50.5,02:35.1,0.2,4:12,,178,182,,8.0,,,,,165,207,左 49.9%／右 50.1%,1.45,11.2,7.5,13,,4:12,167,00:50.5,4:12,175,68
4,00:51.0,03:26.0,0.2,4:15,,183,185,9.0,,,,,,164,208,左 49.5%／右 50.5%,1.44,11.3,7.6,13,,4:12,165,00:51.0,4:15,175,68
5,00:50.8,04:16.8,0.2,4:14,,186,187,,10.0,,,,,164,206,左 49.5%／右 50.5%,1.47,11.3,7.4,13,,4:10,166,00:50.8,4:14,175,68
6,00:51.1,05:07.9,0.2,4:16,,188,189,8.0,,,,,,163,207,左 49.6%／右 50.4%,1.45,11.5,7.7,13,,4:10,164,0:51,4:15,175,68
7,00:50.2,05:58.1,0.2,4:11,,187,188,,8.0,,,,,163,206,左 49.7%／右 50.3%,1.45,11.5,7.7,13,,4:13,164,0:50,4:10,175,68
8,00:51.7,06:49.8,0.2,4:18,,188,189,8.0,,,,,,161,213,左 49.7%／右 50.3%,1.44,11.7,7.8,13,,4:15,163,00:51.7,4:18,175,68
9,00:51.5,07:41.3,0.2,4:18,,190,192,6.0,8.0,,,,,162,210,左 49.5%／右 50.5%,1.44,11.4,7.6,13,,4:14,164,0:51,4:15,175,68
10,00:52.4,08:33.7,0.2,4:22,,190,193,4.0,7.0,,,,,162,213,左 49.5%／右 50.5%,1.44,11.6,7.8,14,,4:16,163,00:52.4,4:22,175,68
11,00:52.1,09:25.8,0.2,4:20,,191,192,7.0,3.0,,,,,161,210,左 49.4%／右 50.6%,1.44,11.5,7.8,13,,4:16,163,0:52,4:20,175,68
12,00:50.0,10:16,0.2,4:10,,192,194,1.0,7.0,,,,,161,209,左 49.7%／右 50.3%,1.46,11.5,7.7,13,,4:16,163,0:50,4:10,175,68
13,00:50.4,11:06,0.2,4:12,,195,196,8.0,,,,,,163,210,左 49.6%／右 50.4%,1.51,11.2,7.2,13,,4:10,164,0:50,4:10,175,68
14,00:47.1,11:53,0.2,3:55,,196,197,,8.0,,,,,166,204,左 49.7%／右 50.3%,1.5,10.7,6.9,13,,4:00,169,0:47,3:55,175,68
15,00:43.5,12:37,0.2,3:38,,201,203,8.0,,,,,,169,195,左 49.4%／右 50.6%,1.62,10.2,6.1,12,,3:30,171,00:43.5,3:38,175,68
16,00:02.2,12:39,0.01,2:42,,203,203,,,,,,,166,201,左 49.2%／右 50.8%,1.63,10.5,6.3,1,,3:42,166,0:01,1:13,175,68
1,00:52.1,00:52.1,0.2,4:21,,153,172,,11.0,,,,,160,205,左 49.7%／右 50.3%,1.44,11.3,6.8,11,,3:58,167,0:47,3:55,175,68
2,00:47.6,01:39.7,0.2,3:58,,176,177,13.0,5.0,,,,,160,205,左 49.7%／右 50.3%,1.57,11.6,7.1,12,,4:03,162,00:47.6,3:58,175,68
3,00:52.6,02:32.3,0.2,4:23,,183,187,,7.0,,,,,159,207,左 50.1%／右 49.9%,1.52,11.7,7.5,13,,3:59,162,0:52,4:20,175,68
4,00:50.1,03:22.4,0.2,4:11,,186,188,9.0,,,,,,159,209,左 49.8%／右 50.2%,1.51,11.8,7.6,13,,4:15,160,0:50,4:10,175,68
5,00:51.4,04:13.8,0.2,4:17,,190,192,,8.0,,,,,158,210,左 49.6%／右 50.4%,1.48,12.0,7.9,14,,4:16,161,00:51.4,4:17,175,68
6,00:54.3,05:08.1,0.2,4:31,,192,193,9.0,4.0,,,,,158,209,左 49.7%／右 50.3%,1.46,12.0,8.0,14,,4:19,159,0:54,4:30,175,68
7,00:51.4,05:59.4,0.2,4:17,,193,193,7.0,7.0,,,,,158,210,左 49.6%／右 50.4%,1.46,12.0,7.9,13,,4:14,159,0:51,4:15,175,68
8,00:55.3,06:54.7,0.2,4:36,,192,193,4.0,11.0,,,,,158,213,左 49.5%／右 50.5%,1.43,11.9,8.1,15,,4:18,160,00:55.3,4:36,175,68
9,00:53.2,07:47.9,0.2,4:26,,193,195,12.0,,,,,,158,211,左 49.8%／右 50.2%,1.45,11.9,7.9,14,,4:15,160,0:53,4:25,175,68
10,00:53.7,08:41.6,0.2,4:29,,193,194,,12.0,,,,,158,212,左 49.4%／右 50.6%,1.46,12.0,8.0,14,,4:14,159,00:53.7,4:29,175,68
11,00:50.5,09:32.1,0.2,4:12,,195,196,12.0,,,,,,159,212,左 49.5%／右 50.5%,1.47,11.8,7.8,13,,4:15,160,0:50,4:10,175,68
12,00:55.0,10:27,0.2,4:35,,196,198,,11.0,,,,,159,213,左 49.8%／右 50.3%,1.43,11.7,8.0,15,,4:16,160,00:55.0,4:35,175,68
13,00:51.8,11:19,0.2,4:19,,197,199,9.0,,,,,,161,212,左 49.7%／右 50.3%,1.42,11.2,7.7,14,,4:24,163,00:51.8,4:19,175,68
14,00:48.0,12:07,0.2,4:00,,199,200,,8.0,,,,,163,210,左 49.5%／右 50.5%,1.47,11.0,7.3,13,,4:04,165,0:48,4:00,175,68
15,00:48.2,12:55,0.2,4:01,,200,201,10.0,5.0,,,,,164,209,左 49.3%／右 50.7%,1.55,10.9,6.8,13,,3:56,166,0:48,4:00,175,68
16,00:01.8,12:57,0.01,2:30,,199,199,,,,,,,159,221,左 49.5%／右 50.5%,1.58,11.9,7.3,1,,3:57,159,0:01,1:25,175,68
