ラップ数,タイム,累積時間,距離,平均ペース,勾配調整後のペース（GAP）平均,平均心拍数,最大心拍数,総上昇量,総下降量,平均パワー,平均W/kg,最大パワー,最大W/kg,平均ピッチ,平均接地時間,平均GCTバランス,平均歩幅,平均上下動,平均上下動比,カロリー,平均気温,最高ペース,最高ピッチ,移動時間,平均移動ペース,身長,体重
1,00:47.5,00:47.5,0.2,3:58,,135,165,,8.0,,,,,187,171,左 51.1%／右 48.9%,1.29,7.9,9.9,6,,3:42,194,0:44,3:40,163,48
2,00:46.6,01:34.2,0.2,3:53,,175,180,11.0,,,,,,185,179,左 50.3%／右 49.7%,1.42,8.4,5.8,8,,3:48,187,00:46.6,3:53,163,48
3,00:46.9,02:21.1,0.2,3:55,,185,188,,9.0,,,,,184,181,左 49.5%／右 50.5%,1.41,8.5,5.8,8,,3:50,185,00:46.9,3:55,163,48
4,00:49.0,03:10.1,0.2,4:05,,189,190,9.0,5.0,,,,,183,181,左 49.4%／右 50.6%,1.36,8.6,6.0,9,,3:53,185,00:49.0,4:05,163,48
5,00:46.9,03:56.9,0.2,3:54,,191,192,,6.0,,,,,184,181,左 49.7%／右 50.3%,1.37,8.4,5.9,9,,3:55,185,00:46.9,3:54,163,48
6,00:48.6,04:45.5,0.2,4:03,,193,194,7.0,,,,,,183,177,左 49.1%／右 50.9%,1.37,8.6,6.0,9,,3:56,185,0:48,4:00,163,48
7,00:49.6,05:35.1,0.2,4:08,,195,196,8.0,7.0,,,,,182,178,左 49.5%／右 50.5%,1.34,8.6,6.3,9,,4:05,185,00:49.6,4:08,163,48
8,00:47.1,06:22.2,0.2,3:55,,196,196,,9.0,,,,,181,179,左 49.3%／右 50.7%,1.37,8.6,6.0,9,,4:03,183,0:47,3:55,163,48
9,00:49.4,07:11.6,0.2,4:07,,196,197,4.0,,,,,,181,178,左 49.3%／右 50.7%,1.4,8.6,5.9,9,,3:54,183,0:49,4:05,163,48
10,00:48.0,07:59.6,0.2,4:00,,197,197,5.0,7.0,,,,,182,181,左 49.1%／右 50.9%,1.37,8.5,6.0,9,,4:00,183,00:48.0,4:00,163,48
11,00:48.8,08:48.4,0.2,4:04,,197,197,8.0,3.0,,,,,182,184,左 49.6%／右 50.4%,1.39,8.4,5.8,9,,3:59,184,00:48.8,4:04,163,48
12,00:50.2,09:38.6,0.2,4:11,,197,198,,8.0,,,,,181,185,左 49.4%／右 50.6%,1.35,8.5,6.0,9,,4:00,185,0:50,4:10,163,48
13,00:46.3,10:25,0.2,3:51,,199,199,7.0,,,,,,184,187,左 49.2%／右 50.8%,1.39,7.9,5.6,9,,3:46,186,00:46.3,3:51,163,48
14,00:45.6,11:10,0.2,3:48,,199,200,3.0,9.0,,,,,187,186,左 49.0%／右 51.0%,1.39,7.5,5.2,9,,3:48,191,0:45,3:45,163,48
15,00:46.6,11:57,0.2,3:53,,200,201,9.0,,,,,,190,188,左 49.4%／右 50.6%,1.38,7.3,5.0,9,,3:48,193,00:46.6,3:53,163,48
1,00:43.7,00:43.7,0.2,3:38,,132,146,,8.0,,,,,194,162,左 51.0%／右 49.0%,1.3,7.7,5.3,5,,3:31,200,0:41,3:25,163,48
2,00:43.2,01:26.9,0.2,3:36,,160,167,8.0,,,,,,190,167,左 49.9%／右 50.1%,1.5,7.7,4.9,8,,3:31,193,0:43,3:35,163,48
3,00:44.2,02:11.1,0.2,3:41,,173,175,4.0,9.0,,,,,188,168,左 49.5%／右 50.5%,1.46,8.0,5.2,8,,3:33,190,0:44,3:40,163,48
4,00:45.3,02:56.4,0.2,3:46,,179,187,9.0,,,,,,185,170,左 49.9%／右 50.1%,1.45,8.2,5.4,9,,3:39,187,0:45,3:45,163,48
5,00:47.1,03:43.4,0.2,3:55,,192,197,,11.0,,,,,183,172,左 50.2%／右 49.8%,1.42,8.4,5.7,9,,3:42,185,0:47,3:55,163,48
6,00:47.2,04:30.6,0.2,3:56,,198,202,9.0,,,,,,181,173,左 50.3%／右 49.7%,1.4,8.3,5.7,10,,3:56,182,00:47.2,3:56,163,48
7,00:47.5,05:18.1,0.2,3:57,,200,202,,8.0,,,,,181,176,左 49.8%／右 50.2%,1.39,8.3,5.8,9,,3:58,184,0:47,3:55,163,48
8,00:48.6,06:06.8,0.2,4:03,,202,204,9.0,6.0,,,,,179,181,左 49.2%／右 50.8%,1.39,8.5,5.8,10,,4:00,181,00:48.6,4:03,163,48
9,00:49.8,06:56.5,0.2,4:09,,202,204,,3.0,,,,,178,190,左 49.1%／右 50.9%,1.37,8.5,6.0,10,,4:00,180,0:49,4:05,163,48
10,00:50.1,07:46.6,0.2,4:10,,201,202,9.0,6.0,,,,,179,189,左 49.6%／右 50.4%,1.35,8.6,6.2,10,,4:09,182,0:50,4:10,163,48
11,00:51.7,08:38.3,0.2,4:19,,199,200,9.0,3.0,,,,,178,197,左 49.7%／右 50.3%,1.3,8.4,6.2,10,,4:12,181,00:51.7,4:19,163,48
12,00:50.5,09:28.9,0.2,4:13,,198,200,,8.0,,,,,181,194,左 49.6%／右 50.4%,1.31,8.1,6.0,10,,4:14,186,00:50.5,4:13,163,48
13,00:54.8,10:24,0.2,4:34,,196,197,10.0,3.0,,,,,181,208,左 50.0%／右 50.0%,1.24,8.0,6.2,10,,4:19,186,00:54.8,4:34,163,48
14,00:50.9,11:15,0.2,4:14,,194,196,,8.0,,,,,182,202,左 49.8%／右 50.2%,1.27,7.8,6.0,9,,4:23,185,0:50,4:10,163,48
15,00:52.8,12:07,0.2,4:24,,193,196,8.0,2.0,,,,,182,213,左 49.8%／右 50.3%,1.27,7.7,5.8,10,,4:23,185,00:52.8,4:24,163,48
16,00:01.3,12:09,0.01,3:06,,191,191,,,,,,,178,207,左 49.8%／右 50.2%,1.27,8.0,6.1,0,,4:23,178,0:01,2:21,163,48
1,00:45.9,00:45.9,0.2,3:50,,154,180,,8.0,,,,,196,168,左 50.0%／右 50.0%,1.29,7.3,6.7,7,,3:26,214,0:43,3:35,163,48
2,00:43.5,01:29.4,0.2,3:37,,185,188,7.0,,,,,,195,172,左 51.4%／右 48.6%,1.39,7.4,5.1,8,,3:39,197,0:43,3:35,163,48
3,00:44.4,02:13.8,0.2,3:42,,195,201,,7.0,,,,,195,170,左 51.5%／右 48.5%,1.38,7.3,5.1,9,,3:41,198,00:44.4,3:42,163,48
4,00:45.4,02:59.2,0.2,3:47,,197,199,8.0,,,,,,193,172,左 51.3%／右 48.7%,1.36,7.6,5.3,9,,3:45,195,0:45,3:45,163,48
5,00:46.0,03:45.2,0.2,3:50,,201,203,,8.0,,,,,193,169,左 51.2%／右 48.8%,1.35,7.5,5.3,9,,3:47,195,00:46.0,3:50,163,48
6,00:46.1,04:31.2,0.2,3:50,,203,204,9.0,8.0,,,,,192,170,左 51.3%／右 48.7%,1.35,7.6,5.4,9,,3:50,196,0:46,3:50,163,48
7,00:47.1,05:18.3,0.2,3:55,,204,205,,2.0,,,,,190,174,左 51.0%／右 49.0%,1.34,7.8,5.6,10,,3:51,193,0:47,3:55,163,48
8,00:45.0,06:03.3,0.2,3:45,,205,205,9.0,9.0,,,,,189,173,左 51.1%／右 48.9%,1.36,7.7,5.5,9,,3:53,191,0:45,3:45,163,48
9,00:47.9,06:51.3,0.2,4:00,,205,206,9.0,,,,,,187,176,左 50.6%／右 49.4%,1.34,7.9,5.7,10,,3:54,190,00:47.9,4:00,163,48
10,00:49.0,07:40.2,0.2,4:05,,206,207,,8.0,,,,,186,181,左 50.7%／右 49.3%,1.31,7.9,5.8,10,,3:58,188,00:49.0,4:05,163,48
11,00:48.5,08:28.7,0.2,4:02,,206,206,9.0,,,,,,187,182,左 50.5%／右 49.5%,1.32,7.8,5.7,10,,4:02,190,00:48.5,4:02,163,48
12,00:49.4,09:18.1,0.2,4:07,,205,206,,8.0,,,,,183,190,左 50.3%／右 49.7%,1.33,8.0,5.8,10,,4:05,188,0:49,4:05,163,48
13,00:50.3,10:08,0.2,4:12,,205,206,13.0,3.0,,,,,181,196,左 50.1%／右 49.9%,1.31,8.0,5.8,10,,4:08,186,0:50,4:10,163,48
14,00:47.9,10:56,0.2,4:00,,204,205,,10.0,,,,,186,190,左 49.8%／右 50.2%,1.33,7.3,5.3,10,,4:05,190,00:47.9,4:00,163,48
15,00:48.8,11:45,0.2,4:04,,204,206,9.0,,,,,,190,198,左 49.7%／右 50.3%,1.29,6.7,5.0,10,,4:02,194,00:48.8,4:04,163,48
16,00:01.1,11:46,0.01,1:46,,204,204,,,,,,,193,203,左 49.8%／右 50.3%,1.3,6.1,4.5,0,,4:04,193,0:01,1:38,163,48
