ラップ数,タイム,累積時間,距離,平均ペース,勾配調整後のペース（GAP）平均,平均心拍数,最大心拍数,総上昇量,総下降量,平均パワー,平均W/kg,最大パワー,最大W/kg,平均ピッチ,平均接地時間,平均GCTバランス,平均歩幅,平均上下動,平均上下動比,カロリー,平均気温,最高ペース,最高ピッチ,移動時間,平均移動ペース,身長,体重
1,00:47.7,00:47.7,0.2,3:59,,140,159,,7.0,,,,,177,205,49.5% L / 50.5% R,1.28,9.4,6.8,11,,3:37,181,00:47.7,3:59,178,74
2,00:49.5,01:37.2,0.2,4:08,,160,164,,,,,,,176,203,49.2% L / 50.8% R,1.42,9.8,6.6,14,,3:37,177,0:48,4:00,178,74
3,00:49.0,02:26.3,0.2,4:05,,167,169,10.0,11.0,,,,,173,203,49.1% L / 50.9% R,1.37,10.2,7.2,14,,3:59,175,0:49,4:05,178,74
4,00:52.2,03:18.5,0.2,4:21,,174,187,9.0,,,,,,169,206,49.3% L / 50.7% R,1.32,10.4,7.7,14,,4:00,172,00:52.2,4:21,178,74
5,00:52.2,04:10.7,0.2,4:21,,189,192,,8.0,,,,,160,206,49.6% L / 50.4% R,1.28,10.4,8.0,15,,4:04,171,0:52,4:20,178,74
6,00:52.5,05:03.3,0.2,4:23,,183,187,10.0,,,,,,161,210,48.8% L / 51.2% R,1.34,10.5,7.7,14,,4:12,170,0:52,4:20,178,74
7,00:53.8,05:57.1,0.2,4:29,,181,185,,8.0,,,,,160,222,49.0% L / 51.0% R,1.26,10.5,8.2,14,,4:27,169,00:53.8,4:29,178,74
8,00:55.3,06:52.4,0.2,4:37,,182,186,,,,,,,159,220,49.3% L / 50.7% R,1.19,10.4,8.5,15,,4:11,169,0:55,4:35,178,74
9,00:56.0,07:48.3,0.2,4:40,,191,196,,,,,,,159,221,49.3% L / 50.8% R,1.34,10.4,8.5,14,,4:33,161,00:56.0,4:40,178,74
10,00:56.9,08:45.3,0.2,4:44,,196,198,7.0,,,,,,161,217,49.2% L / 50.8% R,1.05,10.3,9.7,15,,4:41,171,00:56.9,4:45,178,74
11,00:55.7,09:41.0,0.2,4:39,,196,199,,8.0,,,,,159,262,49.3% L / 50.7% R,1.01,10.4,10.0,15,,4:40,166,00:55.7,4:39,178,74
12,00:55.5,10:37,0.2,4:38,,197,199,8.0,,,,,,160,245,49.3% L / 50.8% R,0.98,10.8,10.3,15,,4:36,166,0:55,4:35,178,74
13,00:54.4,11:31,0.2,4:32,,199,204,,7.0,,,,,162,235,49.5% L / 50.5% R,1.11,10.3,9.0,16,,4:31,168,00:54.4,4:32,178,74
14,00:54.0,12:25,0.2,4:30,,202,208,6.0,6.0,,,,,164,241,49.2% L / 50.8% R,1.04,10.4,9.8,16,,4:30,168,00:54.0,4:30,178,74
15,00:53.8,13:19,0.2,4:29,,201,207,,,,,,,168,235,49.4% L / 50.6% R,1.08,10.4,9.5,16,,4:20,171,0:53,4:25,178,74
16,00:02.6,13:21,0.01,4:19,,200,200,,,,,,,167,246,49.3% L / 50.7% R,1.07,10.5,9.6,1,,4:20,167,0:02,3:23,178,74
1,00:43.6,00:43.6,0.2,3:38,,139,156,,11.0,,,,,163,214,左 50.8%／右 49.2%,1.48,9.9,7.1,8,,3:31,171,0:41,3:25,178,74
2,00:47.3,01:30.8,0.2,3:56,,162,169,7.0,,,,,,165,212,左 50.6%／右 49.4%,1.61,10.6,6.3,11,,3:37,167,00:47.3,3:56,178,74
3,00:47.6,02:18.5,0.2,3:58,,175,191,3.0,8.0,,,,,164,211,左 50.8%／右 49.2%,1.54,10.7,6.7,13,,3:52,166,0:47,3:55,178,74
4,00:48.2,03:06.6,0.2,4:01,,193,197,10.0,,,,,,163,213,左 50.9%／右 49.1%,1.53,10.8,6.8,13,,3:58,166,0:48,4:00,178,74
5,00:52.3,03:58.9,0.2,4:22,,196,197,,10.0,,,,,161,216,左 50.6%／右 49.4%,1.48,11.0,7.2,15,,4:01,163,00:52.3,4:21,178,74
6,00:53.5,04:52.4,0.2,4:28,,197,199,9.0,2.0,,,,,160,218,左 50.5%／右 49.5%,1.41,11.2,7.7,15,,4:18,161,0:53,4:25,178,74
7,00:52.3,05:44.7,0.2,4:21,,198,199,,8.0,,,,,160,216,左 50.3%／右 49.7%,1.41,11.2,7.7,15,,4:27,161,0:52,4:20,178,74
8,00:52.5,06:37.2,0.2,4:23,,198,200,10.0,2.0,,,,,160,219,左 50.4%／右 49.6%,1.4,11.2,7.7,15,,4:30,161,00:52.5,4:23,178,74
9,00:55.1,07:32.3,0.2,4:35,,199,201,,9.0,,,,,160,220,左 50.2%／右 49.8%,1.37,11.0,7.8,16,,4:29,161,0:55,4:35,178,74
10,00:54.4,08:26.7,0.2,4:32,,200,201,9.0,6.0,,,,,161,220,左 50.1%／右 49.9%,1.35,11.1,7.9,16,,4:31,162,0:54,4:30,178,74
11,00:55.2,09:21.8,0.2,4:36,,200,202,6.0,4.0,,,,,160,221,左 50.1%／右 49.9%,1.36,11.1,7.9,16,,4:32,161,00:55.2,4:36,178,74
12,00:56.6,10:18,0.2,4:43,,201,202,1.0,7.0,,,,,161,221,左 50.1%／右 49.9%,1.35,10.9,7.8,17,,4:30,162,0:56,4:40,178,74
13,00:57.1,11:16,0.2,4:46,,201,203,8.0,,,,,,160,221,左 50.0%／右 50.0%,1.33,11.1,8.1,16,,4:31,161,0:57,4:45,178,74
14,00:57.6,12:13,0.2,4:48,,203,205,,8.0,,,,,161,226,左 49.9%／右 50.1%,1.28,10.8,8.2,18,,4:34,163,00:57.6,4:48,178,74
15,00:52.9,13:06,0.2,4:25,,204,206,9.0,,,,,,164,223,左 49.7%／右 50.3%,1.34,10.5,7.6,16,,4:21,167,00:52.9,4:25,178,74
16,00:03.0,13:09,0.01,4:04,,205,205,,,,,,,164,228,左 49.9%／右 50.1%,1.41,10.7,7.4,1,,4:20,164,0:02,2:44,178,74
1,00:48.5,00:48.5,0.2,4:03,,157,181,,8.0,,,,,163,226,50.6% L / 49.4% R,1.31,10.1,9.3,12,,3:50,167,0:47,3:55,178,74
2,00:47.0,01:35.5,0.2,3:55,,188,191,10.0,,,,,,164,222,50.3% L / 49.7% R,1.61,10.5,6.2,14,,3:44,167,00:47.0,3:55,178,74
3,00:52.6,02:28.1,0.2,4:23,,194,195,,9.0,,,,,160,221,50.3% L / 49.7% R,1.5,11.2,7.2,15,,3:57,162,00:52.6,4:23,178,74
4,00:52.3,03:20.4,0.2,4:21,,194,196,10.0,,,,,,160,221,50.3% L / 49.7% R,1.47,11.4,7.4,15,,4:03,162,0:52,4:20,178,74
5,00:54.8,04:15.2,0.2,4:34,,197,200,,11.0,,,,,160,218,50.3% L / 49.7% R,1.38,11.3,7.9,16,,4:25,162,00:54.8,4:34,178,74
6,00:51.5,05:06.7,0.2,4:17,,199,200,12.0,11.0,,,,,159,222,50.2% L / 49.8% R,1.46,11.3,7.4,16,,4:08,161,00:51.5,4:17,178,74
7,00:53.1,05:59.8,0.2,4:26,,199,200,,,,,,,159,218,50.2% L / 49.8% R,1.39,11.4,7.9,16,,4:22,160,0:53,4:25,178,74
8,00:51.4,06:51.2,0.2,4:17,,201,202,13.0,12.0,,,,,159,219,50.2% L / 49.8% R,1.45,11.2,7.5,16,,4:14,160,0:51,4:15,178,74
9,00:53.2,07:44.4,0.2,4:26,,201,202,,,,,,,159,218,49.9% L / 50.1% R,1.45,11.3,7.6,16,,4:16,160,0:53,4:25,178,74
10,00:53.3,08:37.7,0.2,4:27,,201,202,8.0,,,,,,159,219,50.0% L / 50.0% R,1.42,11.5,7.8,16,,4:21,161,00:53.3,4:27,178,74
11,00:54.0,09:31.7,0.2,4:30,,200,202,9.0,9.0,,,,,158,221,49.9% L / 50.1% R,1.4,11.3,7.9,16,,4:27,161,0:54,4:30,178,74
12,00:54.4,10:26,0.2,4:32,,199,201,,9.0,,,,,159,219,50.0% L / 50.0% R,1.39,11.2,7.8,16,,4:28,160,0:54,4:30,178,74
13,00:55.8,11:22,0.2,4:39,,198,201,10.0,,,,,,159,223,49.7% L / 50.3% R,1.33,11.2,8.2,16,,4:34,160,00:55.8,4:39,178,74
14,00:55.8,12:18,0.2,4:39,,201,203,,10.0,,,,,159,222,49.5% L / 50.5% R,1.37,11.5,8.1,16,,4:33,160,00:55.8,4:39,178,74
15,00:47.9,13:06,0.2,4:00,,203,205,12.0,,,,,,160,219,49.7% L / 50.3% R,1.4,11.0,7.7,14,,4:12,162,0:46,3:50,178,74
16,00:10.6,13:16,0.02,10:02,,203,203,,,,,,,139,231,49.9% L / 50.1% R,1.36,8.8,6.3,3,,4:15,159,00:10.6,10:02,178,74
