﻿ラップ数,タイム,累積時間,距離,平均ペース,勾配調整後のペース（GAP）平均,平均心拍数,最大心拍数,総上昇量,総下降量,平均パワー,平均W/kg,最大パワー,最大W/kg,平均ピッチ,平均接地時間,平均GCTバランス,平均歩幅,平均上下動,平均上下動比,カロリー,平均気温,最高ペース,最高ピッチ,移動時間,平均移動ペース,身長,体重
1,00:40.5,00:40.5,0.2,3:22,,122,144,,8,,,,,178,187,61.0% L / 39.0% R,1.39,10.1,8.7,5,,3:16,188,0:40,3:20,168,59
2,00:38.5,01:19.0,0.2,3:12,,149,159,12,,,,,,181,178,58.7% L / 41.3% R,1.58,10.6,6.6,7,,3:17,184,00:38.5,3:12,168,59
3,00:39.3,01:58.2,0.2,3:16,,139,152,,10,,,,,184,172,55.6% L / 44.4% R,1.52,10.8,7.4,7,,3:12,188,0:39,3:15,168,59
4,00:42.6,02:40.9,0.2,3:33,,160,167,10,,,,,,183,183,59.3% L / 40.7% R,1.51,10.2,6.5,10,,3:25,185,00:42.6,3:33,168,59
5,00:40.6,03:21.5,0.2,3:23,,165,166,,11,,,,,182,187,62.4% L / 37.6% R,1.54,10.6,6.5,9,,3:24,184,0:40,3:20,168,59
6,00:45.0,04:06.4,0.2,3:45,,167,169,9,,,,,,181,185,56.0% L / 44.0% R,1.48,10.8,7,11,,3:34,182,00:45.0,3:45,168,59
7,00:42.5,04:48.9,0.2,3:33,,167,169,,10,,,,,181,184,58.0% L / 42.0% R,1.51,10.5,6.7,10,,3:26,183,00:42.5,3:33,168,59
8,00:44.1,05:33.1,0.2,3:41,,168,169,10,,,,,,180,184,61.8% L / 38.2% R,1.5,10.8,6.9,11,,3:38,182,0:44,3:40,168,59
9,00:44.1,06:17.2,0.2,3:41,,169,172,,8,,,,,181,183,61.9% L / 38.1% R,1.48,10.2,6.6,11,,3:37,183,0:44,3:40,168,59
10,00:42.2,06:59.4,0.2,3:31,,172,174,9,12,,,,,182,182,61.3% L / 38.7% R,1.47,10.1,6.6,11,,3:36,184,0:42,3:30,168,59
11,00:41.2,07:40.5,0.2,3:26,,175,179,12,,,,,,181,181,58.9% L / 41.1% R,1.56,10.4,6.3,10,,3:23,185,0:41,3:25,168,59
12,00:40.5,08:21.1,0.2,3:23,,178,182,,9,,,,,182,182,57.5% L / 42.5% R,1.57,10.3,6.3,9,,3:16,184,00:40.5,3:23,168,59
13,00:43.0,09:04.1,0.2,3:35,,192,199,,,,,,,181,183,56.0% L / 44.0% R,1.59,10.4,6.3,10,,3:17,184,0:43,3:35,168,59
14,00:39.8,09:43.9,0.2,3:19,,199,201,9,12,,,,,183,183,55.8% L / 44.2% R,1.61,10.3,6.2,10,,3:07,186,00:39.8,3:19,168,59
15,00:40.0,10:24,0.2,3:20,,201,203,10,,,,,,186,178,56.7% L / 43.3% R,1.65,10.1,5.8,10,,3:08,188,0:40,3:20,168,59
16,00:01.0,10:25,0.01,1:58,,201,201,,,,,,,188,173,55.7% L / 44.3% R,1.65,9.2,5.5,0,,3:15,188,00:01.0,1:58,168,59
